Entity,Score
pandas/core/arrays/base.py::452,0.909091
pandas/core/arrays/base.py::686,0.909091
pandas/core/arrays/categorical.py::1281,0.909091
pandas/core/arrays/interval.py::1016,0.909091
pandas/core/arrays/interval.py::1017,0.909091
pandas/core/arrays/interval.py::1018,0.909091
pandas/core/arrays/interval.py::1019,0.909091
pandas/core/arrays/interval.py::1021,0.909091
pandas/core/arrays/interval.py::1022,0.909091
pandas/core/arrays/interval.py::1023,0.909091
pandas/core/arrays/interval.py::1026,0.909091
pandas/core/arrays/interval.py::1027,0.909091
pandas/core/arrays/interval.py::1211,0.909091
pandas/core/arrays/interval.py::1216,0.909091
pandas/core/arrays/interval.py::1219,0.909091
pandas/core/arrays/interval.py::150,0.909091
pandas/core/arrays/interval.py::153,0.909091
pandas/core/arrays/interval.py::154,0.909091
pandas/core/arrays/interval.py::155,0.909091
pandas/core/arrays/interval.py::156,0.909091
pandas/core/arrays/interval.py::160,0.909091
pandas/core/arrays/interval.py::168,0.909091
pandas/core/arrays/interval.py::169,0.909091
pandas/core/arrays/interval.py::170,0.909091
pandas/core/arrays/interval.py::172,0.909091
pandas/core/arrays/interval.py::174,0.909091
pandas/core/arrays/interval.py::175,0.909091
pandas/core/arrays/interval.py::176,0.909091
pandas/core/arrays/interval.py::177,0.909091
pandas/core/arrays/interval.py::178,0.909091
pandas/core/arrays/interval.py::179,0.909091
pandas/core/arrays/interval.py::180,0.909091
pandas/core/arrays/interval.py::187,0.909091
pandas/core/arrays/interval.py::189,0.909091
pandas/core/arrays/interval.py::190,0.909091
pandas/core/arrays/interval.py::191,0.909091
pandas/core/arrays/interval.py::193,0.909091
pandas/core/arrays/interval.py::204,0.909091
pandas/core/arrays/interval.py::206,0.909091
pandas/core/arrays/interval.py::209,0.909091
pandas/core/arrays/interval.py::215,0.909091
pandas/core/arrays/interval.py::222,0.909091
pandas/core/arrays/interval.py::225,0.909091
pandas/core/arrays/interval.py::232,0.909091
pandas/core/arrays/interval.py::233,0.909091
pandas/core/arrays/interval.py::234,0.909091
pandas/core/arrays/interval.py::235,0.909091
pandas/core/arrays/interval.py::236,0.909091
pandas/core/arrays/interval.py::237,0.909091
pandas/core/arrays/interval.py::241,0.909091
pandas/core/arrays/interval.py::245,0.909091
pandas/core/arrays/interval.py::250,0.909091
pandas/core/arrays/interval.py::302,0.909091
pandas/core/arrays/interval.py::304,0.909091
pandas/core/arrays/interval.py::373,0.909091
pandas/core/arrays/interval.py::374,0.909091
pandas/core/arrays/interval.py::376,0.909091
pandas/core/arrays/interval.py::377,0.909091
pandas/core/arrays/interval.py::467,0.909091
pandas/core/arrays/interval.py::470,0.909091
pandas/core/arrays/interval.py::473,0.909091
pandas/core/arrays/interval.py::474,0.909091
pandas/core/arrays/interval.py::475,0.909091
pandas/core/arrays/interval.py::481,0.909091
pandas/core/arrays/interval.py::492,0.909091
pandas/core/arrays/interval.py::495,0.909091
pandas/core/arrays/interval.py::496,0.909091
pandas/core/arrays/interval.py::499,0.909091
pandas/core/arrays/interval.py::500,0.909091
pandas/core/arrays/interval.py::502,0.909091
pandas/core/arrays/interval.py::598,0.909091
pandas/core/arrays/interval.py::619,0.909091
pandas/core/arrays/interval.py::620,0.909091
pandas/core/arrays/interval.py::634,0.909091
pandas/core/arrays/interval.py::637,0.909091
pandas/core/arrays/interval.py::638,0.909091
pandas/core/arrays/interval.py::684,0.909091
pandas/core/arrays/interval.py::689,0.909091
pandas/core/arrays/interval.py::693,0.909091
pandas/core/arrays/interval.py::696,0.909091
pandas/core/arrays/interval.py::702,0.909091
pandas/core/arrays/interval.py::703,0.909091
pandas/core/arrays/interval.py::720,0.909091
pandas/core/arrays/interval.py::777,0.909091
pandas/core/arrays/interval.py::779,0.909091
pandas/core/arrays/interval.py::780,0.909091
pandas/core/arrays/interval.py::781,0.909091
pandas/core/arrays/interval.py::783,0.909091
pandas/core/arrays/interval.py::786,0.909091
pandas/core/arrays/interval.py::794,0.909091
pandas/core/arrays/interval.py::795,0.909091
pandas/core/arrays/interval.py::797,0.909091
pandas/core/arrays/interval.py::798,0.909091
pandas/core/arrays/interval.py::801,0.909091
pandas/core/arrays/interval.py::883,0.909091
pandas/core/arrays/interval.py::891,0.909091
pandas/core/arrays/interval.py::899,0.909091
pandas/core/common.py::199,0.909091
pandas/core/dtypes/cast.py::185,0.909091
pandas/core/dtypes/dtypes.py::1002,0.909091
pandas/core/dtypes/dtypes.py::1003,0.909091
pandas/core/dtypes/dtypes.py::1007,0.909091
pandas/core/dtypes/dtypes.py::1015,0.909091
pandas/core/dtypes/dtypes.py::1016,0.909091
pandas/core/dtypes/dtypes.py::1017,0.909091
pandas/core/dtypes/dtypes.py::1018,0.909091
pandas/core/dtypes/dtypes.py::1019,0.909091
pandas/core/dtypes/dtypes.py::1020,0.909091
pandas/core/dtypes/dtypes.py::1021,0.909091
pandas/core/dtypes/dtypes.py::1039,0.909091
pandas/core/dtypes/dtypes.py::1041,0.909091
pandas/core/dtypes/dtypes.py::1065,0.909091
pandas/core/dtypes/dtypes.py::1077,0.909091
pandas/core/dtypes/dtypes.py::1079,0.909091
pandas/core/dtypes/dtypes.py::1080,0.909091
pandas/core/dtypes/dtypes.py::980,0.909091
pandas/core/dtypes/dtypes.py::986,0.909091
pandas/core/dtypes/dtypes.py::988,0.909091
pandas/core/dtypes/dtypes.py::994,0.909091
pandas/core/dtypes/dtypes.py::997,0.909091
pandas/core/indexes/base.py::103,0.909091
pandas/core/indexes/base.py::104,0.909091
pandas/core/indexes/base.py::107,0.909091
pandas/core/indexes/base.py::110,0.909091
pandas/core/indexes/base.py::116,0.909091
pandas/core/indexes/base.py::117,0.909091
pandas/core/indexes/base.py::119,0.909091
pandas/core/indexes/base.py::120,0.909091
pandas/core/indexes/base.py::1885,0.909091
pandas/core/indexes/base.py::418,0.909091
pandas/core/indexes/base.py::419,0.909091
pandas/core/indexes/interval.py::1131,0.909091
pandas/core/indexes/interval.py::1132,0.909091
pandas/core/indexes/interval.py::1136,0.909091
pandas/core/indexes/interval.py::1202,0.909091
pandas/core/indexes/interval.py::1207,0.909091
pandas/core/indexes/interval.py::1208,0.909091
pandas/core/indexes/interval.py::1209,0.909091
pandas/core/indexes/interval.py::1361,0.909091
pandas/core/indexes/interval.py::1363,0.909091
pandas/core/indexes/interval.py::1364,0.909091
pandas/core/indexes/interval.py::1365,0.909091
pandas/core/indexes/interval.py::1366,0.909091
pandas/core/indexes/interval.py::1373,0.909091
pandas/core/indexes/interval.py::1374,0.909091
pandas/core/indexes/interval.py::1376,0.909091
pandas/core/indexes/interval.py::1473,0.909091
pandas/core/indexes/interval.py::1474,0.909091
pandas/core/indexes/interval.py::1475,0.909091
pandas/core/indexes/interval.py::1477,0.909091
pandas/core/indexes/interval.py::1478,0.909091
pandas/core/indexes/interval.py::1480,0.909091
pandas/core/indexes/interval.py::1486,0.909091
pandas/core/indexes/interval.py::1489,0.909091
pandas/core/indexes/interval.py::1493,0.909091
pandas/core/indexes/interval.py::1495,0.909091
pandas/core/indexes/interval.py::1499,0.909091
pandas/core/indexes/interval.py::1509,0.909091
pandas/core/indexes/interval.py::1511,0.909091
pandas/core/indexes/interval.py::1512,0.909091
pandas/core/indexes/interval.py::1513,0.909091
pandas/core/indexes/interval.py::1519,0.909091
pandas/core/indexes/interval.py::1522,0.909091
pandas/core/indexes/interval.py::1524,0.909091
pandas/core/indexes/interval.py::1525,0.909091
pandas/core/indexes/interval.py::1528,0.909091
pandas/core/indexes/interval.py::1529,0.909091
pandas/core/indexes/interval.py::1535,0.909091
pandas/core/indexes/interval.py::1536,0.909091
pandas/core/indexes/interval.py::1538,0.909091
pandas/core/indexes/interval.py::1548,0.909091
pandas/core/indexes/interval.py::214,0.909091
pandas/core/indexes/interval.py::217,0.909091
pandas/core/indexes/interval.py::218,0.909091
pandas/core/indexes/interval.py::219,0.909091
pandas/core/indexes/interval.py::220,0.909091
pandas/core/indexes/interval.py::221,0.909091
pandas/core/indexes/interval.py::222,0.909091
pandas/core/indexes/interval.py::223,0.909091
pandas/core/indexes/interval.py::226,0.909091
pandas/core/indexes/interval.py::241,0.909091
pandas/core/indexes/interval.py::242,0.909091
pandas/core/indexes/interval.py::243,0.909091
pandas/core/indexes/interval.py::244,0.909091
pandas/core/indexes/interval.py::245,0.909091
pandas/core/indexes/interval.py::265,0.909091
pandas/core/indexes/interval.py::266,0.909091
pandas/core/indexes/interval.py::267,0.909091
pandas/core/indexes/interval.py::269,0.909091
pandas/core/indexes/interval.py::323,0.909091
pandas/core/indexes/interval.py::324,0.909091
pandas/core/indexes/interval.py::325,0.909091
pandas/core/indexes/interval.py::326,0.909091
pandas/core/indexes/interval.py::331,0.909091
pandas/core/indexes/interval.py::332,0.909091
pandas/core/indexes/interval.py::333,0.909091
pandas/core/indexes/interval.py::337,0.909091
pandas/core/indexes/interval.py::338,0.909091
pandas/core/indexes/interval.py::339,0.909091
pandas/core/indexes/interval.py::392,0.909091
pandas/core/indexes/interval.py::400,0.909091
pandas/core/indexes/interval.py::408,0.909091
pandas/core/indexes/interval.py::454,0.909091
pandas/core/indexes/interval.py::461,0.909091
pandas/core/indexes/interval.py::465,0.909091
pandas/core/indexes/interval.py::506,0.909091
pandas/core/indexes/interval.py::555,0.909091
pandas/core/indexes/interval.py::556,0.909091
pandas/core/indexes/interval.py::558,0.909091
pandas/core/indexes/interval.py::561,0.909091
pandas/core/indexes/interval.py::562,0.909091
pandas/core/indexes/interval.py::632,0.909091
pandas/core/indexes/interval.py::712,0.909091
pandas/core/indexes/interval.py::715,0.909091
pandas/core/indexes/interval.py::716,0.909091
pandas/core/indexes/interval.py::735,0.909091
pandas/core/indexes/interval.py::736,0.909091
pandas/core/indexes/interval.py::737,0.909091
pandas/core/indexes/interval.py::739,0.909091
pandas/core/indexes/interval.py::740,0.909091
pandas/core/indexes/interval.py::773,0.909091
pandas/core/indexes/interval.py::774,0.909091
pandas/core/indexes/interval.py::879,0.909091
pandas/core/indexes/interval.py::883,0.909091
pandas/core/indexes/interval.py::886,0.909091
pandas/core/indexes/interval.py::887,0.909091
pandas/core/indexes/interval.py::889,0.909091
pandas/core/indexes/interval.py::900,0.909091
pandas/core/indexes/interval.py::901,0.909091
pandas/core/indexes/interval.py::903,0.909091
pandas/core/indexes/interval.py::904,0.909091
pandas/core/indexes/interval.py::932,0.909091
pandas/core/indexes/interval.py::934,0.909091
pandas/core/indexes/interval.py::941,0.909091
pandas/core/indexes/interval.py::943,0.909091
pandas/core/indexes/interval.py::961,0.909091
pandas/core/indexes/interval.py::963,0.909091
pandas/core/indexes/interval.py::964,0.909091
pandas/util/_exceptions.py::8,0.909091
pandas/util/_exceptions.py::9,0.909091
pandas/compat/numpy/function.py::142,0.660409
pandas/compat/numpy/function.py::146,0.660409
pandas/compat/numpy/function.py::147,0.660409
pandas/core/algorithms.py::1551,0.660409
pandas/core/algorithms.py::1592,0.660409
pandas/core/algorithms.py::182,0.660409
pandas/core/algorithms.py::614,0.660409
pandas/core/algorithms.py::615,0.660409
pandas/core/algorithms.py::616,0.660409
pandas/core/algorithms.py::638,0.660409
pandas/core/arrays/base.py::484,0.660409
pandas/core/arrays/base.py::486,0.660409
pandas/core/arrays/base.py::487,0.660409
pandas/core/arrays/base.py::727,0.660409
pandas/core/arrays/base.py::729,0.660409
pandas/core/arrays/base.py::730,0.660409
pandas/core/arrays/base.py::733,0.660409
pandas/core/arrays/base.py::734,0.660409
pandas/core/dtypes/cast.py::105,0.660409
pandas/core/dtypes/cast.py::125,0.660409
pandas/core/dtypes/cast.py::129,0.660409
pandas/core/dtypes/cast.py::183,0.660409
pandas/core/dtypes/cast.py::192,0.660409
pandas/core/dtypes/cast.py::194,0.660409
pandas/core/dtypes/cast.py::199,0.660409
pandas/core/dtypes/cast.py::200,0.660409
pandas/core/dtypes/cast.py::202,0.660409
pandas/core/dtypes/cast.py::206,0.660409
pandas/core/dtypes/cast.py::211,0.660409
pandas/core/dtypes/cast.py::212,0.660409
pandas/core/dtypes/cast.py::214,0.660409
pandas/core/dtypes/cast.py::215,0.660409
pandas/core/dtypes/cast.py::220,0.660409
pandas/core/dtypes/cast.py::221,0.660409
pandas/core/indexes/category.py::179,0.660409
pandas/core/indexes/category.py::447,0.660409
pandas/core/indexes/category.py::508,0.660409
pandas/core/indexes/category.py::509,0.660409
pandas/core/indexes/category.py::510,0.660409
pandas/core/sorting.py::263,0.660409
pandas/core/common.py::87,0.545836
pandas/core/common.py::89,0.545836
pandas/core/common.py::92,0.545836
pandas/core/dtypes/cast.py::100,0.545836
pandas/core/dtypes/cast.py::104,0.545836
pandas/core/dtypes/cast.py::127,0.545836
pandas/core/dtypes/cast.py::128,0.545836
pandas/core/dtypes/cast.py::96,0.545836
pandas/core/dtypes/cast.py::98,0.545836
pandas/core/indexes/category.py::184,0.545836
pandas/core/indexes/category.py::239,0.545836
pandas/core/arrays/categorical.py::1995,0.476190
pandas/core/arrays/categorical.py::1996,0.476190
pandas/core/arrays/categorical.py::1999,0.476190
pandas/core/dtypes/cast.py::173,0.476190
pandas/core/dtypes/cast.py::177,0.476190
pandas/core/dtypes/cast.py::182,0.476190
pandas/core/dtypes/cast.py::187,0.476190
pandas/core/indexes/category.py::388,0.476190
pandas/core/indexes/category.py::507,0.476190
pandas/core/algorithms.py::1538,0.428070
pandas/core/algorithms.py::1541,0.428070
pandas/core/algorithms.py::1543,0.428070
pandas/core/algorithms.py::1545,0.428070
pandas/core/algorithms.py::1546,0.428070
pandas/core/algorithms.py::1547,0.428070
pandas/core/algorithms.py::1552,0.428070
pandas/core/arrays/categorical.py::1994,0.428070
pandas/core/indexers.py::144,0.428070
pandas/core/indexers.py::145,0.428070
pandas/core/indexers.py::146,0.428070
pandas/core/indexers.py::152,0.428070
pandas/core/indexers.py::153,0.428070
pandas/core/indexes/category.py::155,0.428070
pandas/core/indexes/category.py::156,0.428070
pandas/core/indexes/category.py::157,0.428070
pandas/core/indexes/category.py::158,0.428070
pandas/core/indexes/category.py::159,0.428070
pandas/core/indexes/category.py::176,0.428070
pandas/core/indexes/category.py::178,0.428070
pandas/core/indexes/category.py::181,0.428070
pandas/core/indexes/category.py::189,0.428070
pandas/core/indexes/category.py::191,0.428070
pandas/core/indexes/category.py::193,0.428070
pandas/core/indexes/category.py::235,0.428070
pandas/core/indexes/category.py::238,0.428070
pandas/core/indexes/category.py::241,0.428070
pandas/core/indexes/category.py::244,0.428070
pandas/core/indexes/category.py::248,0.428070
pandas/core/indexes/category.py::250,0.428070
pandas/core/indexes/category.py::251,0.428070
pandas/core/indexes/category.py::252,0.428070
pandas/core/indexes/category.py::253,0.428070
pandas/core/indexes/category.py::256,0.428070
pandas/core/indexes/category.py::257,0.428070
pandas/core/indexes/category.py::307,0.428070
pandas/core/indexes/category.py::308,0.428070
pandas/core/indexes/category.py::363,0.428070
pandas/core/indexes/category.py::384,0.428070
pandas/core/indexes/category.py::441,0.428070
pandas/core/indexes/category.py::442,0.428070
pandas/core/arrays/categorical.py::1875,0.364199
pandas/core/base.py::1078,0.364199
pandas/core/frame.py::466,0.341480
pandas/core/frame.py::469,0.341480
pandas/core/frame.py::7099,0.341480
pandas/core/frame.py::7101,0.341480
pandas/core/frame.py::7108,0.341480
pandas/core/frame.py::7109,0.341480
pandas/core/frame.py::7110,0.341480
pandas/core/frame.py::7113,0.341480
pandas/core/frame.py::7115,0.341480
pandas/core/frame.py::7120,0.341480
pandas/core/frame.py::7122,0.341480
pandas/core/frame.py::7126,0.341480
pandas/core/frame.py::7127,0.341480
pandas/core/frame.py::7128,0.341480
pandas/core/generic.py::219,0.341480
pandas/core/generic.py::220,0.341480
pandas/core/internals/managers.py::1185,0.341480
pandas/core/internals/managers.py::1186,0.341480
pandas/core/internals/managers.py::1187,0.341480
pandas/core/internals/managers.py::1190,0.341480
pandas/core/internals/managers.py::1191,0.341480
pandas/core/internals/managers.py::1210,0.341480
pandas/core/frame.py::464,0.322581
pandas/core/series.py::2022,0.322581
pandas/core/series.py::2023,0.322581
pandas/core/series.py::2024,0.322581
pandas/core/series.py::2026,0.322581
pandas/core/dtypes/dtypes.py::318,0.306534
pandas/core/arrays/categorical.py::1474,0.292687
pandas/core/arrays/categorical.py::1476,0.292687
pandas/core/arrays/categorical.py::1478,0.292687
pandas/core/dtypes/dtypes.py::313,0.260304
pandas/core/internals/construction.py::450,0.260304
pandas/core/internals/construction.py::482,0.260304
pandas/core/internals/construction.py::567,0.260304
pandas/core/internals/construction.py::478,0.251700
pandas/core/internals/construction.py::484,0.251700
pandas/core/internals/construction.py::485,0.251700
pandas/core/internals/construction.py::486,0.251700
pandas/core/internals/construction.py::490,0.251700
pandas/core/internals/construction.py::564,0.243902
pandas/core/internals/construction.py::575,0.243902
pandas/core/internals/construction.py::576,0.243902
pandas/core/internals/construction.py::577,0.243902
pandas/core/internals/construction.py::578,0.243902
pandas/core/internals/construction.py::579,0.243902
pandas/core/internals/construction.py::581,0.243902
pandas/core/internals/construction.py::583,0.243902
pandas/core/dtypes/inference.py::355,0.236793
pandas/core/dtypes/missing.py::241,0.236793
pandas/core/frame.py::457,0.236793
pandas/core/frame.py::459,0.236793
pandas/core/frame.py::460,0.236793
pandas/core/frame.py::463,0.236793
pandas/core/frame.py::471,0.236793
pandas/core/internals/construction.py::430,0.236793
pandas/core/internals/construction.py::443,0.236793
pandas/core/internals/construction.py::449,0.236793
pandas/core/arrays/categorical.py::1274,0.230275
pandas/core/arrays/categorical.py::1275,0.230275
pandas/core/arrays/categorical.py::1277,0.230275
pandas/core/arrays/categorical.py::1282,0.230275
pandas/core/arrays/categorical.py::1869,0.230275
pandas/core/dtypes/missing.py::233,0.230275
pandas/core/dtypes/missing.py::238,0.230275
pandas/core/dtypes/missing.py::242,0.230275
pandas/core/frame.py::453,0.230275
pandas/core/frame.py::455,0.230275
pandas/core/frame.py::456,0.230275
pandas/core/indexes/api.py::135,0.230275
pandas/core/indexes/base.py::5319,0.208750
pandas/core/internals/managers.py::1209,0.204255
pandas/core/indexes/base.py::3196,0.200041
pandas/core/frame.py::452,0.196078
pandas/core/common.py::178,0.192344
pandas/core/algorithms.py::273,0.188816
pandas/core/reshape/concat.py::433,0.176436
pandas/core/reshape/concat.py::434,0.176436
pandas/core/reshape/concat.py::436,0.176436
pandas/core/reshape/concat.py::437,0.176436
pandas/core/reshape/concat.py::438,0.176436
pandas/core/reshape/concat.py::439,0.176436
pandas/core/reshape/concat.py::471,0.176436
pandas/core/reshape/concat.py::500,0.176436
pandas/core/reshape/concat.py::503,0.176436
pandas/core/reshape/concat.py::504,0.176436
pandas/core/reshape/concat.py::505,0.176436
pandas/core/reshape/concat.py::506,0.176436
pandas/core/reshape/concat.py::507,0.176436
pandas/core/reshape/concat.py::508,0.176436
pandas/core/reshape/concat.py::513,0.176436
pandas/core/reshape/concat.py::514,0.176436
pandas/core/reshape/concat.py::515,0.176436
pandas/core/reshape/concat.py::519,0.176436
pandas/core/reshape/concat.py::520,0.176436
pandas/core/algorithms.py::88,0.171099
pandas/core/frame.py::878,0.171099
pandas/core/frame.py::879,0.171099
pandas/core/reshape/concat.py::355,0.171099
pandas/core/reshape/concat.py::422,0.171099
pandas/core/reshape/concat.py::498,0.171099
pandas/core/frame.py::877,0.168607
pandas/core/reshape/concat.py::346,0.168607
pandas/core/reshape/concat.py::347,0.168607
pandas/core/reshape/concat.py::482,0.168607
pandas/core/reshape/concat.py::488,0.168607
pandas/core/reshape/concat.py::489,0.168607
pandas/core/reshape/concat.py::490,0.168607
pandas/core/common.py::171,0.166221
pandas/core/indexes/api.py::100,0.166221
pandas/core/indexes/api.py::101,0.166221
pandas/core/indexes/api.py::102,0.166221
pandas/core/indexes/api.py::103,0.166221
pandas/core/indexes/api.py::104,0.166221
pandas/core/indexes/api.py::105,0.166221
pandas/core/indexes/api.py::106,0.166221
pandas/core/indexes/api.py::131,0.166221
pandas/core/indexes/api.py::132,0.166221
pandas/core/indexes/api.py::134,0.166221
pandas/core/indexes/api.py::144,0.166221
pandas/core/indexes/api.py::149,0.166221
pandas/core/indexes/api.py::91,0.166221
pandas/core/indexes/api.py::92,0.166221
pandas/core/reshape/concat.py::294,0.166221
pandas/core/reshape/concat.py::340,0.166221
pandas/core/reshape/concat.py::343,0.166221
pandas/core/reshape/concat.py::344,0.166221
pandas/core/generic.py::395,0.163934
pandas/core/generic.py::396,0.163934
pandas/core/generic.py::425,0.163934
pandas/core/generic.py::5332,0.163934
pandas/core/generic.py::5333,0.163934
pandas/core/generic.py::5334,0.163934
pandas/core/reshape/concat.py::233,0.163934
pandas/core/reshape/concat.py::234,0.163934
pandas/core/reshape/concat.py::235,0.163934
pandas/core/reshape/concat.py::236,0.163934
pandas/core/reshape/concat.py::237,0.163934
pandas/core/reshape/concat.py::238,0.163934
pandas/core/reshape/concat.py::239,0.163934
pandas/core/reshape/concat.py::240,0.163934
pandas/core/reshape/concat.py::241,0.163934
pandas/core/reshape/concat.py::242,0.163934
pandas/core/reshape/concat.py::243,0.163934
pandas/core/reshape/concat.py::246,0.163934
pandas/core/reshape/concat.py::267,0.163934
pandas/core/reshape/concat.py::274,0.163934
pandas/core/reshape/concat.py::275,0.163934
pandas/core/reshape/concat.py::283,0.163934
pandas/core/reshape/concat.py::288,0.163934
pandas/core/reshape/concat.py::290,0.163934
pandas/core/reshape/concat.py::293,0.163934
pandas/core/reshape/concat.py::308,0.163934
pandas/core/reshape/concat.py::312,0.163934
pandas/core/reshape/concat.py::313,0.163934
pandas/core/reshape/concat.py::314,0.163934
pandas/core/reshape/concat.py::322,0.163934
pandas/core/reshape/concat.py::323,0.163934
pandas/core/reshape/concat.py::328,0.163934
pandas/core/reshape/concat.py::329,0.163934
pandas/core/reshape/concat.py::349,0.163934
pandas/core/reshape/concat.py::351,0.163934
pandas/core/reshape/concat.py::354,0.163934
pandas/core/reshape/concat.py::360,0.163934
pandas/core/reshape/concat.py::361,0.163934
pandas/core/reshape/concat.py::364,0.163934
pandas/core/reshape/concat.py::365,0.163934
pandas/core/reshape/concat.py::373,0.163934
pandas/core/reshape/concat.py::404,0.163934
pandas/core/reshape/concat.py::405,0.163934
pandas/core/reshape/concat.py::406,0.163934
pandas/core/reshape/concat.py::407,0.163934
pandas/core/reshape/concat.py::408,0.163934
pandas/core/reshape/concat.py::410,0.163934
pandas/core/reshape/concat.py::411,0.163934
pandas/core/reshape/concat.py::412,0.163934
pandas/core/reshape/concat.py::414,0.163934
pandas/core/reshape/concat.py::419,0.163934
pandas/core/reshape/concat.py::470,0.163934
pandas/core/reshape/concat.py::476,0.163934
pandas/core/reshape/concat.py::477,0.163934
pandas/core/reshape/concat.py::479,0.163934
pandas/core/reshape/concat.py::480,0.163934
pandas/core/reshape/concat.py::481,0.163934
pandas/core/reshape/concat.py::484,0.163934
pandas/core/reshape/concat.py::485,0.163934
pandas/core/reshape/concat.py::497,0.163934
pandas/core/indexes/base.py::1828,0.159632
pandas/core/frame.py::413,0.157604
pandas/core/indexes/base.py::3199,0.151959
pandas/core/indexes/base.py::3200,0.151959
pandas/core/indexes/base.py::3201,0.151959
pandas/core/common.py::206,0.146882
pandas/core/base.py::667,0.142284
pandas/core/sorting.py::259,0.134256
pandas/core/sorting.py::260,0.134256
pandas/core/sorting.py::262,0.134256
pandas/core/sorting.py::267,0.134256
pandas/core/sorting.py::268,0.134256
pandas/core/sorting.py::269,0.134256
pandas/core/sorting.py::270,0.134256
pandas/core/sorting.py::271,0.134256
pandas/core/sorting.py::274,0.134256
pandas/core/sorting.py::275,0.134256
pandas/core/sorting.py::279,0.134256
pandas/core/sorting.py::280,0.134256
pandas/core/sorting.py::285,0.134256
pandas/core/arrays/categorical.py::661,0.131868
pandas/core/arrays/categorical.py::662,0.131868
pandas/core/arrays/categorical.py::663,0.131868
pandas/core/dtypes/dtypes.py::322,0.131868
pandas/core/dtypes/dtypes.py::332,0.131868
pandas/core/algorithms.py::2016,0.128516
pandas/core/algorithms.py::630,0.128516
pandas/core/algorithms.py::631,0.128516
pandas/core/arrays/numpy_.py::172,0.128516
pandas/core/indexes/range.py::449,0.128516
pandas/core/algorithms.py::1990,0.127454
pandas/core/algorithms.py::1995,0.127454
pandas/core/algorithms.py::1997,0.127454
pandas/core/algorithms.py::1999,0.127454
pandas/core/algorithms.py::2002,0.127454
pandas/core/algorithms.py::2009,0.127454
pandas/core/algorithms.py::2011,0.127454
pandas/core/algorithms.py::2012,0.127454
pandas/core/algorithms.py::2013,0.127454
pandas/core/algorithms.py::2028,0.127454
pandas/core/algorithms.py::2031,0.127454
pandas/core/arrays/categorical.py::312,0.127454
pandas/core/arrays/categorical.py::313,0.127454
pandas/core/arrays/categorical.py::319,0.127454
pandas/core/arrays/categorical.py::326,0.127454
pandas/core/arrays/categorical.py::329,0.127454
pandas/core/arrays/categorical.py::332,0.127454
pandas/core/arrays/categorical.py::349,0.127454
pandas/core/arrays/categorical.py::350,0.127454
pandas/core/arrays/categorical.py::351,0.127454
pandas/core/arrays/categorical.py::370,0.127454
pandas/core/arrays/categorical.py::383,0.127454
pandas/core/arrays/categorical.py::389,0.127454
pandas/core/arrays/categorical.py::390,0.127454
pandas/core/dtypes/dtypes.py::224,0.127454
pandas/core/dtypes/dtypes.py::309,0.127454
pandas/core/dtypes/dtypes.py::311,0.127454
pandas/core/dtypes/dtypes.py::334,0.127454
pandas/core/dtypes/dtypes.py::367,0.127454
pandas/core/dtypes/dtypes.py::368,0.127454
pandas/core/dtypes/dtypes.py::370,0.127454
pandas/core/dtypes/dtypes.py::371,0.127454
pandas/core/dtypes/dtypes.py::373,0.127454
pandas/core/dtypes/dtypes.py::374,0.127454
pandas/core/dtypes/dtypes.py::515,0.127454
pandas/core/dtypes/dtypes.py::533,0.127454
pandas/core/dtypes/dtypes.py::535,0.127454
pandas/core/dtypes/dtypes.py::539,0.127454
pandas/core/dtypes/dtypes.py::542,0.127454
pandas/core/dtypes/dtypes.py::544,0.127454
pandas/core/dtypes/dtypes.py::547,0.127454
pandas/core/dtypes/dtypes.py::550,0.127454
pandas/core/dtypes/dtypes.py::553,0.127454
pandas/core/dtypes/dtypes.py::570,0.127454
pandas/core/dtypes/dtypes.py::573,0.127454
pandas/core/dtypes/dtypes.py::580,0.127454
pandas/core/dtypes/dtypes.py::584,0.127454
pandas/core/dtypes/dtypes.py::586,0.127454
pandas/core/dtypes/dtypes.py::588,0.127454
pandas/core/dtypes/dtypes.py::602,0.127454
pandas/core/indexes/base.py::1827,0.127454
pandas/core/indexes/base.py::3175,0.127454
pandas/core/indexes/base.py::3178,0.127454
pandas/core/indexes/base.py::3180,0.127454
pandas/core/indexes/base.py::3186,0.127454
pandas/core/indexes/base.py::3188,0.127454
pandas/core/indexes/base.py::3195,0.127454
pandas/core/indexes/base.py::3211,0.127454
pandas/core/indexes/base.py::3215,0.127454
pandas/core/indexes/base.py::5439,0.127454
pandas/core/indexes/base.py::5440,0.127454
pandas/core/indexes/base.py::5444,0.127454
pandas/core/algorithms.py::246,0.126418
pandas/core/algorithms.py::248,0.126418
pandas/core/algorithms.py::249,0.126418
pandas/core/algorithms.py::251,0.126418
pandas/core/algorithms.py::471,0.126418
pandas/core/algorithms.py::473,0.126418
pandas/core/algorithms.py::474,0.126418
pandas/core/algorithms.py::476,0.126418
pandas/core/algorithms.py::477,0.126418
pandas/core/algorithms.py::610,0.126418
pandas/core/algorithms.py::611,0.126418
pandas/core/algorithms.py::613,0.126418
pandas/core/algorithms.py::629,0.126418
pandas/core/algorithms.py::634,0.126418
pandas/core/algorithms.py::637,0.126418
pandas/core/algorithms.py::644,0.126418
pandas/core/dtypes/cast.py::724,0.126418
pandas/core/dtypes/cast.py::725,0.126418
pandas/core/dtypes/cast.py::726,0.126418
pandas/core/algorithms.py::238,0.125407
pandas/core/algorithms.py::241,0.125407
pandas/core/algorithms.py::242,0.125407
pandas/core/algorithms.py::1953,0.123457
pandas/core/algorithms.py::1958,0.123457
pandas/core/algorithms.py::1963,0.123457
pandas/core/algorithms.py::1970,0.123457
pandas/core/algorithms.py::1972,0.123457
pandas/core/algorithms.py::1978,0.123457
pandas/core/algorithms.py::1979,0.123457
pandas/core/algorithms.py::1980,0.123457
pandas/core/algorithms.py::1987,0.123457
pandas/core/arrays/categorical.py::421,0.123457
pandas/core/arrays/categorical.py::447,0.123457
pandas/core/dtypes/dtypes.py::595,0.123457
pandas/core/indexes/base.py::5427,0.122515
pandas/core/indexes/range.py::448,0.121595
pandas/core/algorithms.py::267,0.116478
pandas/core/algorithms.py::268,0.116478
pandas/core/algorithms.py::275,0.116478
pandas/core/internals/managers.py::1547,0.116478
pandas/core/dtypes/missing.py::379,0.114152
pandas/core/indexes/base.py::4015,0.114152
pandas/core/indexes/base.py::4014,0.111960
pandas/core/indexes/base.py::4017,0.111960
pandas/core/indexes/base.py::4018,0.111960
pandas/core/indexes/base.py::4019,0.111960
pandas/core/indexes/base.py::4020,0.111960
pandas/core/common.py::135,0.109890
pandas/core/common.py::138,0.109890
pandas/core/dtypes/base.py::282,0.109225
pandas/core/dtypes/cast.py::422,0.108573
pandas/core/dtypes/cast.py::425,0.108573
pandas/core/dtypes/cast.py::426,0.108573
pandas/core/dtypes/cast.py::498,0.108573
pandas/core/dtypes/cast.py::417,0.106682
pandas/core/dtypes/cast.py::421,0.106682
pandas/core/algorithms.py::181,0.106074
pandas/core/algorithms.py::192,0.106074
pandas/core/algorithms.py::199,0.106074
pandas/core/algorithms.py::207,0.106074
pandas/core/dtypes/missing.py::376,0.105476
pandas/core/dtypes/missing.py::377,0.105476
pandas/core/indexes/base.py::3856,0.099504
pandas/core/indexes/base.py::3858,0.099504
pandas/core/indexes/base.py::3861,0.099504
pandas/core/indexes/base.py::3862,0.099504
pandas/core/indexes/base.py::3863,0.099504
pandas/core/indexes/base.py::3864,0.099504
pandas/core/indexes/base.py::408,0.099504
pandas/core/indexes/base.py::409,0.099504
pandas/core/frame.py::421,0.098523
pandas/core/frame.py::439,0.098523
pandas/core/algorithms.py::1621,0.097572
pandas/core/dtypes/cast.py::405,0.097106
pandas/core/dtypes/common.py::1913,0.097106
pandas/core/algorithms.py::1611,0.096647
pandas/core/algorithms.py::1612,0.096647
pandas/core/algorithms.py::1613,0.096647
pandas/core/algorithms.py::1614,0.096647
pandas/core/indexes/base.py::787,0.095748
pandas/core/indexes/base.py::792,0.095748
pandas/core/internals/managers.py::1805,0.095308
pandas/core/internals/managers.py::1811,0.095308
pandas/core/internals/construction.py::295,0.091603
pandas/core/internals/construction.py::297,0.091603
pandas/core/construction.py::380,0.090090
pandas/core/dtypes/cast.py::496,0.089003
pandas/core/arrays/numpy_.py::127,0.088300
pandas/core/arrays/numpy_.py::129,0.088300
pandas/core/arrays/numpy_.py::134,0.088300
pandas/core/arrays/numpy_.py::137,0.088300
pandas/core/arrays/numpy_.py::140,0.088300
pandas/core/arrays/numpy_.py::141,0.088300
pandas/core/arrays/numpy_.py::43,0.088300
pandas/core/arrays/numpy_.py::44,0.088300
pandas/core/arrays/numpy_.py::45,0.088300
pandas/core/arrays/numpy_.py::46,0.088300
pandas/core/base.py::787,0.088300
pandas/core/base.py::789,0.088300
pandas/core/internals/construction.py::62,0.087955
pandas/core/indexes/numeric.py::102,0.087277
pandas/core/base.py::786,0.086943
pandas/core/base.py::775,0.086614
pandas/core/base.py::777,0.086614
pandas/core/base.py::781,0.086614
pandas/core/base.py::791,0.086614
pandas/core/indexes/numeric.py::100,0.085966
pandas/core/dtypes/common.py::1131,0.085647
pandas/core/dtypes/cast.py::404,0.085332
pandas/core/dtypes/cast.py::401,0.085020
pandas/core/dtypes/common.py::1091,0.084712
pandas/core/dtypes/common.py::1093,0.084712
pandas/core/dtypes/common.py::1094,0.084712
pandas/core/dtypes/common.py::1100,0.084712
pandas/core/algorithms.py::85,0.084106
pandas/core/algorithms.py::87,0.084106
pandas/core/common.py::132,0.083807
pandas/core/indexes/base.py::390,0.083807
pandas/core/common.py::124,0.083512
pandas/core/indexes/base.py::5404,0.083220
pandas/core/indexes/base.py::5407,0.083220
pandas/core/indexes/base.py::5412,0.083220
pandas/core/indexes/base.py::5432,0.083220
pandas/core/indexes/base.py::653,0.082931
pandas/core/indexes/base.py::4009,0.081258
pandas/core/indexes/base.py::585,0.081258
pandas/core/indexes/base.py::586,0.081258
pandas/core/indexes/base.py::587,0.081258
pandas/core/indexes/base.py::588,0.081258
pandas/core/indexes/base.py::590,0.081258
pandas/core/indexes/base.py::595,0.081258
pandas/core/series.py::238,0.080458
pandas/core/internals/managers.py::1208,0.079938
pandas/core/dtypes/cast.py::494,0.079177
pandas/core/algorithms.py::1608,0.078681
pandas/core/algorithms.py::1609,0.078681
pandas/core/series.py::210,0.078681
pandas/core/series.py::281,0.078681
pandas/core/series.py::282,0.078681
pandas/core/series.py::297,0.078681
pandas/core/series.py::299,0.078681
pandas/util/_validators.py::236,0.078437
pandas/util/_validators.py::241,0.078437
pandas/core/dtypes/cast.py::340,0.078195
pandas/core/dtypes/cast.py::346,0.078195
pandas/core/dtypes/cast.py::364,0.078195
pandas/core/dtypes/cast.py::375,0.078195
pandas/core/dtypes/cast.py::394,0.078195
pandas/core/dtypes/cast.py::397,0.078195
pandas/core/dtypes/cast.py::400,0.078195
pandas/core/dtypes/cast.py::463,0.078195
pandas/core/dtypes/cast.py::465,0.078195
pandas/core/dtypes/cast.py::468,0.078195
pandas/core/dtypes/cast.py::469,0.078195
pandas/core/dtypes/cast.py::490,0.078195
pandas/core/dtypes/cast.py::492,0.078195
pandas/core/generic.py::423,0.077717
pandas/core/generic.py::424,0.077717
pandas/core/indexes/base.py::775,0.077717
pandas/core/indexes/base.py::777,0.077717
pandas/core/indexes/base.py::778,0.077717
pandas/core/indexes/base.py::793,0.077717
pandas/core/algorithms.py::1645,0.077249
pandas/core/algorithms.py::1432,0.077017
pandas/core/generic.py::644,0.074604
pandas/core/generic.py::645,0.074604
pandas/core/generic.py::421,0.074189
pandas/core/generic.py::422,0.074189
pandas/core/internals/managers.py::173,0.072025
pandas/core/internals/managers.py::174,0.072025
pandas/core/internals/managers.py::175,0.072025
pandas/core/internals/managers.py::177,0.072025
pandas/core/internals/managers.py::183,0.072025
pandas/core/base.py::1077,0.071467
pandas/core/base.py::1075,0.071284
pandas/core/dtypes/common.py::1893,0.071284
pandas/core/dtypes/common.py::1894,0.071284
pandas/core/dtypes/common.py::1899,0.071284
pandas/core/dtypes/common.py::1900,0.071284
pandas/core/dtypes/common.py::1910,0.071284
pandas/core/generic.py::3330,0.071102
pandas/core/common.py::120,0.070389
pandas/core/common.py::121,0.070389
pandas/core/dtypes/inference.py::250,0.070389
pandas/core/indexes/numeric.py::49,0.070041
pandas/core/indexes/numeric.py::52,0.070041
pandas/core/indexes/numeric.py::62,0.070041
pandas/core/indexes/numeric.py::65,0.070041
pandas/core/indexes/numeric.py::69,0.070041
pandas/core/indexes/numeric.py::71,0.070041
pandas/core/indexes/numeric.py::73,0.070041
pandas/core/generic.py::5220,0.069527
pandas/core/series.py::353,0.069527
pandas/core/dtypes/missing.py::262,0.069359
pandas/core/dtypes/common.py::1725,0.068860
pandas/core/generic.py::408,0.068860
pandas/core/generic.py::409,0.068860
pandas/core/base.py::674,0.068696
pandas/core/indexes/base.py::3740,0.067894
pandas/core/generic.py::403,0.067737
pandas/core/generic.py::404,0.067737
pandas/core/generic.py::415,0.067737
pandas/core/generic.py::416,0.067737
pandas/core/indexes/base.py::537,0.067737
pandas/core/dtypes/inference.py::67,0.067582
pandas/core/dtypes/missing.py::258,0.067582
pandas/core/algorithms.py::1429,0.067273
pandas/core/algorithms.py::1430,0.067273
pandas/core/algorithms.py::1431,0.067273
pandas/core/algorithms.py::1438,0.067273
pandas/core/algorithms.py::1439,0.067273
pandas/core/algorithms.py::1589,0.067273
pandas/core/algorithms.py::1591,0.067273
pandas/core/algorithms.py::1594,0.067273
pandas/core/algorithms.py::1595,0.067273
pandas/core/algorithms.py::1597,0.067273
pandas/core/algorithms.py::1601,0.067273
pandas/core/algorithms.py::1602,0.067273
pandas/core/algorithms.py::1623,0.067273
pandas/core/algorithms.py::1624,0.067273
pandas/core/algorithms.py::1628,0.067273
pandas/core/algorithms.py::1636,0.067273
pandas/core/algorithms.py::1637,0.067273
pandas/core/algorithms.py::1638,0.067273
pandas/core/algorithms.py::1639,0.067273
pandas/core/algorithms.py::1640,0.067273
pandas/core/algorithms.py::1649,0.067273
pandas/core/algorithms.py::1650,0.067273
pandas/core/algorithms.py::1652,0.067273
pandas/core/algorithms.py::1654,0.067273
pandas/core/algorithms.py::1656,0.067273
pandas/core/construction.py::589,0.067273
pandas/core/construction.py::590,0.067273
pandas/core/construction.py::591,0.067273
pandas/core/construction.py::592,0.067273
pandas/core/series.py::197,0.067273
pandas/core/series.py::209,0.067273
pandas/core/series.py::212,0.067273
pandas/core/series.py::214,0.067273
pandas/core/series.py::217,0.067273
pandas/core/series.py::221,0.067273
pandas/core/series.py::237,0.067273
pandas/core/series.py::273,0.067273
pandas/core/series.py::277,0.067273
pandas/core/series.py::291,0.067273
pandas/core/internals/blocks.py::220,0.066079
pandas/core/internals/managers.py::1540,0.066079
pandas/core/series.py::489,0.066079
pandas/core/dtypes/missing.py::137,0.065365
pandas/core/dtypes/missing.py::139,0.065365
pandas/core/dtypes/missing.py::141,0.065365
pandas/core/dtypes/missing.py::142,0.065365
pandas/core/dtypes/missing.py::144,0.065365
pandas/core/dtypes/missing.py::145,0.065365
pandas/core/dtypes/missing.py::146,0.065365
pandas/core/dtypes/missing.py::147,0.065365
pandas/core/dtypes/missing.py::148,0.065365
pandas/core/dtypes/missing.py::149,0.065365
pandas/core/dtypes/missing.py::152,0.065365
pandas/core/dtypes/missing.py::226,0.065365
pandas/core/dtypes/missing.py::228,0.065365
pandas/core/dtypes/missing.py::231,0.065365
pandas/core/dtypes/missing.py::235,0.065365
pandas/core/dtypes/missing.py::237,0.065365
pandas/core/dtypes/missing.py::243,0.065365
pandas/core/dtypes/missing.py::245,0.065365
pandas/core/dtypes/missing.py::265,0.065365
pandas/core/dtypes/missing.py::268,0.065365
pandas/core/generic.py::390,0.064810
pandas/core/generic.py::391,0.064810
pandas/core/generic.py::392,0.064810
pandas/core/generic.py::393,0.064810
pandas/core/dtypes/common.py::739,0.064673
pandas/core/dtypes/common.py::740,0.064673
pandas/core/dtypes/common.py::741,0.064673
pandas/core/dtypes/common.py::742,0.064673
pandas/core/internals/blocks.py::202,0.064673
pandas/core/internals/managers.py::1453,0.064673
pandas/core/internals/managers.py::1454,0.064673
pandas/core/internals/managers.py::1483,0.064673
pandas/core/internals/managers.py::1536,0.064673
pandas/core/series.py::477,0.064673
pandas/core/generic.py::5218,0.064538
pandas/core/generic.py::5219,0.064538
pandas/core/generic.py::5222,0.064538
pandas/core/generic.py::5224,0.064538
pandas/core/frame.py::386,0.064269
pandas/core/frame.py::416,0.063099
pandas/core/frame.py::417,0.063099
pandas/core/generic.py::217,0.063099
pandas/core/generic.py::218,0.063099
pandas/core/series.py::535,0.063099
pandas/compat/numpy/function.py::43,0.061992
pandas/core/dtypes/common.py::638,0.061285
pandas/core/dtypes/common.py::639,0.061285
pandas/core/dtypes/common.py::641,0.061285
pandas/core/dtypes/common.py::1689,0.060827
pandas/core/dtypes/common.py::1691,0.060827
pandas/core/dtypes/common.py::1692,0.060827
pandas/core/dtypes/common.py::1695,0.060827
pandas/core/dtypes/common.py::220,0.060379
pandas/core/internals/managers.py::316,0.059406
pandas/core/dtypes/common.py::1723,0.059197
pandas/core/generic.py::5304,0.059197
pandas/core/generic.py::5305,0.059197
pandas/core/generic.py::5306,0.059197
pandas/core/generic.py::5308,0.059197
pandas/core/generic.py::5313,0.059197
pandas/core/generic.py::5314,0.059197
pandas/core/generic.py::5316,0.059197
pandas/core/internals/managers.py::905,0.059197
pandas/core/internals/managers.py::906,0.059197
pandas/core/frame.py::2939,0.053783
pandas/core/frame.py::2940,0.053783
pandas/core/frame.py::2943,0.053783
pandas/core/generic.py::3594,0.053783
pandas/core/generic.py::3595,0.053783
pandas/core/generic.py::3596,0.053783
pandas/core/generic.py::3597,0.053783
pandas/core/generic.py::3598,0.053783
pandas/core/generic.py::3599,0.053783
pandas/core/generic.py::3600,0.053783
pandas/core/generic.py::3603,0.053783
pandas/core/generic.py::3604,0.053783
pandas/core/internals/managers.py::924,0.053783
pandas/core/internals/managers.py::926,0.053783
pandas/core/internals/managers.py::927,0.053783
pandas/core/internals/managers.py::938,0.053783
pandas/core/internals/managers.py::1698,0.052943
pandas/core/internals/managers.py::1699,0.052943
pandas/core/indexes/base.py::1679,0.052647
pandas/core/indexes/numeric.py::156,0.051239
pandas/core/construction.py::534,0.051037
pandas/core/internals/blocks.py::2944,0.050772
pandas/core/base.py::899,0.050576
pandas/core/base.py::904,0.050576
pandas/core/dtypes/cast.py::65,0.050511
pandas/core/dtypes/cast.py::67,0.050511
pandas/core/dtypes/cast.py::68,0.050511
pandas/core/dtypes/cast.py::70,0.050511
pandas/core/dtypes/cast.py::72,0.050511
pandas/core/dtypes/missing.py::135,0.050511
pandas/core/indexes/base.py::636,0.050446
pandas/core/indexes/base.py::637,0.050446
pandas/core/construction.py::413,0.050382
pandas/core/construction.py::424,0.050382
pandas/core/construction.py::533,0.050382
pandas/core/dtypes/cast.py::992,0.050382
pandas/core/dtypes/cast.py::993,0.050382
pandas/core/dtypes/cast.py::995,0.050382
pandas/core/dtypes/cast.py::998,0.050382
pandas/core/construction.py::532,0.050001
pandas/core/internals/managers.py::1807,0.049938
pandas/core/internals/managers.py::1813,0.049938
pandas/core/frame.py::2949,0.049875
pandas/core/frame.py::2950,0.049875
pandas/core/generic.py::3266,0.049875
pandas/core/generic.py::5257,0.049875
pandas/core/generic.py::5258,0.049875
pandas/core/generic.py::5262,0.049875
pandas/core/generic.py::5263,0.049875
pandas/core/internals/blocks.py::349,0.049875
pandas/core/internals/construction.py::302,0.049875
pandas/core/internals/construction.py::311,0.049875
pandas/core/internals/construction.py::312,0.049875
pandas/core/internals/managers.py::955,0.049813
pandas/core/internals/managers.py::956,0.049813
pandas/core/internals/managers.py::959,0.049813
pandas/core/internals/managers.py::961,0.049813
pandas/core/internals/managers.py::962,0.049813
pandas/core/internals/managers.py::965,0.049813
pandas/core/series.py::188,0.049751
pandas/core/series.py::190,0.049751
pandas/core/series.py::192,0.049751
pandas/core/internals/managers.py::1465,0.049445
pandas/core/internals/managers.py::1468,0.049445
pandas/core/internals/managers.py::1471,0.049445
pandas/core/internals/managers.py::1476,0.049445
pandas/core/internals/managers.py::1480,0.049445
pandas/core/dtypes/cast.py::1239,0.049324
pandas/core/dtypes/cast.py::1220,0.049204
pandas/core/dtypes/cast.py::1224,0.049204
pandas/core/dtypes/cast.py::1237,0.049204
pandas/core/indexes/base.py::671,0.049204
pandas/core/common.py::185,0.049144
pandas/core/dtypes/common.py::195,0.049144
pandas/core/dtypes/common.py::199,0.049144
pandas/core/dtypes/common.py::200,0.049144
pandas/core/dtypes/common.py::201,0.049144
pandas/core/dtypes/common.py::202,0.049144
pandas/core/dtypes/common.py::205,0.049144
pandas/core/indexes/base.py::5463,0.049144
pandas/core/indexes/base.py::5465,0.049144
pandas/core/indexes/range.py::101,0.049144
pandas/core/indexes/range.py::104,0.049144
pandas/core/indexes/range.py::106,0.049144
pandas/core/indexes/range.py::107,0.049144
pandas/core/indexes/range.py::110,0.049144
pandas/core/indexes/range.py::111,0.049144
pandas/core/indexes/range.py::87,0.049144
pandas/core/indexes/range.py::90,0.049144
pandas/core/indexes/range.py::96,0.049144
pandas/core/indexes/range.py::99,0.049144
pandas/core/internals/managers.py::1787,0.049025
pandas/core/internals/managers.py::1789,0.049025
pandas/core/internals/managers.py::1790,0.049025
pandas/core/internals/managers.py::1792,0.049025
pandas/core/internals/managers.py::1794,0.049025
pandas/core/internals/managers.py::1795,0.049025
pandas/core/internals/managers.py::1797,0.049025
pandas/core/indexes/range.py::133,0.048966
pandas/core/indexes/range.py::136,0.048966
pandas/core/indexes/range.py::139,0.048966
pandas/core/indexes/range.py::142,0.048966
pandas/core/indexes/range.py::143,0.048966
pandas/core/indexes/range.py::145,0.048966
pandas/core/indexes/range.py::146,0.048966
pandas/core/internals/blocks.py::256,0.048732
pandas/core/internals/blocks.py::258,0.048732
pandas/core/internals/blocks.py::260,0.048732
pandas/core/internals/blocks.py::2974,0.048443
pandas/core/dtypes/common.py::1347,0.048273
pandas/core/dtypes/common.py::1348,0.048273
pandas/core/internals/managers.py::1444,0.048273
pandas/core/internals/managers.py::1452,0.048273
pandas/core/internals/managers.py::1482,0.048273
pandas/core/internals/managers.py::1485,0.048273
pandas/core/series.py::185,0.048273
pandas/core/series.py::301,0.048273
pandas/core/series.py::302,0.048273
pandas/core/series.py::303,0.048273
pandas/core/series.py::373,0.048273
pandas/core/series.py::376,0.048273
pandas/core/series.py::377,0.048273
pandas/core/series.py::389,0.048273
pandas/core/series.py::391,0.048273
pandas/core/series.py::392,0.048273
pandas/core/series.py::396,0.048273
pandas/core/series.py::399,0.048273
pandas/core/series.py::422,0.048273
pandas/core/series.py::426,0.048273
pandas/core/series.py::428,0.048273
pandas/core/indexes/numeric.py::77,0.048160
pandas/core/indexes/numeric.py::78,0.048160
pandas/core/indexes/range.py::679,0.047993
pandas/core/generic.py::239,0.047937
pandas/core/generic.py::241,0.047937
pandas/core/internals/managers.py::1520,0.047882
pandas/core/series.py::411,0.047882
pandas/core/dtypes/inference.py::387,0.047772
pandas/core/dtypes/inference.py::388,0.047772
pandas/core/dtypes/inference.py::392,0.047772
pandas/core/dtypes/common.py::1343,0.047718
pandas/core/dtypes/common.py::1346,0.047718
pandas/core/internals/managers.py::1492,0.047718
pandas/core/dtypes/cast.py::1112,0.047663
pandas/core/dtypes/cast.py::1113,0.047663
pandas/core/dtypes/cast.py::1115,0.047663
pandas/core/dtypes/cast.py::1244,0.047663
pandas/core/indexes/base.py::3710,0.047663
pandas/core/construction.py::475,0.047340
pandas/core/construction.py::395,0.047234
pandas/core/construction.py::398,0.047234
pandas/core/construction.py::408,0.047234
pandas/core/construction.py::411,0.047234
pandas/core/construction.py::452,0.047234
pandas/core/construction.py::471,0.047234
pandas/core/construction.py::472,0.047234
pandas/core/construction.py::486,0.047234
pandas/core/construction.py::489,0.047234
pandas/core/construction.py::498,0.047234
pandas/core/construction.py::508,0.047234
pandas/core/dtypes/missing.py::126,0.047181
pandas/core/dtypes/missing.py::134,0.047181
pandas/core/internals/construction.py::232,0.047076
pandas/core/internals/construction.py::233,0.047076
pandas/core/internals/construction.py::234,0.047076
pandas/core/internals/construction.py::238,0.047076
pandas/core/internals/construction.py::241,0.047076
pandas/core/common.py::225,0.046971
pandas/core/internals/managers.py::1803,0.046971
pandas/core/internals/managers.py::1804,0.046971
pandas/core/internals/managers.py::1809,0.046971
pandas/core/internals/managers.py::1810,0.046971
pandas/core/internals/managers.py::1815,0.046971
pandas/core/internals/managers.py::1817,0.046971
pandas/core/internals/managers.py::1818,0.046971
pandas/core/internals/managers.py::1820,0.046971
pandas/core/internals/managers.py::1821,0.046971
pandas/core/internals/managers.py::1822,0.046971
pandas/core/internals/managers.py::1824,0.046971
pandas/core/construction.py::379,0.046919
pandas/core/construction.py::382,0.046919
pandas/core/construction.py::385,0.046919
pandas/core/indexes/base.py::414,0.046867
pandas/core/indexes/base.py::417,0.046867
pandas/core/dtypes/common.py::853,0.046816
pandas/core/common.py::277,0.046764
pandas/core/common.py::279,0.046764
pandas/core/internals/construction.py::294,0.046713
pandas/core/internals/construction.py::315,0.046713
pandas/core/internals/managers.py::1686,0.046713
pandas/core/internals/managers.py::1690,0.046713
pandas/core/internals/managers.py::1691,0.046713
pandas/core/internals/managers.py::1693,0.046713
pandas/core/internals/managers.py::1694,0.046713
pandas/core/dtypes/common.py::1766,0.046662
pandas/core/dtypes/dtypes.py::1050,0.046662
pandas/core/dtypes/dtypes.py::1051,0.046662
pandas/core/dtypes/dtypes.py::749,0.046662
pandas/core/frame.py::420,0.046662
pandas/core/indexes/base.py::447,0.046662
pandas/core/indexes/base.py::449,0.046662
pandas/core/indexes/base.py::452,0.046662
pandas/core/indexes/base.py::454,0.046662
pandas/core/indexes/base.py::457,0.046662
pandas/core/indexes/base.py::466,0.046662
pandas/core/indexes/base.py::467,0.046662
pandas/core/internals/construction.py::207,0.046662
pandas/core/internals/construction.py::243,0.046662
pandas/core/dtypes/common.py::1170,0.046611
pandas/core/common.py::162,0.046560
pandas/core/common.py::164,0.046560
pandas/core/dtypes/base.py::279,0.046560
pandas/core/dtypes/base.py::281,0.046560
pandas/core/dtypes/base.py::283,0.046560
pandas/core/dtypes/base.py::284,0.046560
pandas/core/dtypes/base.py::285,0.046560
pandas/core/dtypes/base.py::286,0.046560
pandas/core/dtypes/common.py::1765,0.046560
pandas/core/dtypes/dtypes.py::1049,0.046560
pandas/core/dtypes/dtypes.py::357,0.046560
pandas/core/dtypes/dtypes.py::734,0.046560
pandas/core/dtypes/dtypes.py::876,0.046560
pandas/core/dtypes/dtypes.py::878,0.046560
pandas/core/dtypes/dtypes.py::886,0.046560
pandas/core/indexes/base.py::4006,0.046560
pandas/core/indexes/base.py::4007,0.046560
pandas/core/indexes/base.py::4132,0.046560
pandas/core/internals/blocks.py::2937,0.046560
pandas/core/internals/blocks.py::2939,0.046560
pandas/core/internals/blocks.py::2941,0.046560
pandas/core/internals/blocks.py::2943,0.046560
pandas/core/internals/construction.py::290,0.046560
pandas/core/internals/construction.py::291,0.046560
pandas/core/internals/construction.py::293,0.046560
pandas/core/internals/construction.py::317,0.046560
pandas/core/internals/construction.py::59,0.046560
pandas/core/internals/construction.py::65,0.046560
pandas/core/internals/construction.py::68,0.046560
pandas/core/internals/construction.py::70,0.046560
pandas/core/internals/managers.py::1639,0.046560
pandas/core/internals/managers.py::1640,0.046560
pandas/core/internals/managers.py::1641,0.046560
pandas/core/internals/managers.py::1642,0.046560
pandas/core/internals/managers.py::1643,0.046560
pandas/core/internals/managers.py::1675,0.046560
pandas/core/internals/managers.py::1676,0.046560
pandas/core/internals/managers.py::1678,0.046560
pandas/core/internals/managers.py::1679,0.046560
pandas/core/internals/managers.py::1680,0.046560
pandas/core/internals/managers.py::1685,0.046560
pandas/core/internals/managers.py::1696,0.046560
pandas/core/internals/managers.py::1697,0.046560
pandas/core/internals/managers.py::1701,0.046560
pandas/core/internals/managers.py::1705,0.046560
pandas/core/internals/managers.py::1709,0.046560
pandas/core/internals/managers.py::1713,0.046560
pandas/core/internals/managers.py::1717,0.046560
pandas/core/internals/managers.py::1724,0.046560
pandas/core/internals/managers.py::1728,0.046560
pandas/core/internals/managers.py::1732,0.046560
pandas/core/internals/managers.py::1739,0.046560
pandas/core/internals/managers.py::1748,0.046560
pandas/core/internals/managers.py::1756,0.046560
pandas/core/internals/managers.py::1766,0.046560
pandas/core/dtypes/dtypes.py::356,0.046510
pandas/core/indexes/base.py::4002,0.046510
pandas/core/indexes/base.py::4003,0.046510
pandas/core/indexes/base.py::4005,0.046510
pandas/core/internals/blocks.py::144,0.046459
pandas/core/internals/blocks.py::320,0.046459
pandas/core/internals/blocks.py::233,0.046359
pandas/core/internals/blocks.py::2934,0.046359
pandas/core/internals/blocks.py::2971,0.046359
pandas/core/internals/blocks.py::2972,0.046359
pandas/core/common.py::219,0.046309
pandas/core/common.py::221,0.046309
pandas/core/common.py::224,0.046309
pandas/core/common.py::227,0.046309
pandas/core/common.py::229,0.046309
pandas/core/common.py::232,0.046309
pandas/core/common.py::237,0.046309
pandas/core/dtypes/cast.py::1383,0.046309
pandas/core/dtypes/cast.py::1384,0.046309
pandas/core/dtypes/cast.py::1385,0.046309
pandas/core/indexes/base.py::391,0.046309
pandas/core/indexes/base.py::393,0.046309
pandas/core/indexes/base.py::395,0.046309
pandas/core/indexes/base.py::398,0.046309
pandas/core/indexes/base.py::402,0.046309
pandas/core/indexes/base.py::405,0.046309
pandas/core/indexes/base.py::406,0.046309
pandas/core/indexes/base.py::407,0.046309
pandas/core/indexes/base.py::4131,0.046309
pandas/core/indexes/base.py::618,0.046309
pandas/core/dtypes/common.py::1048,0.046259
pandas/core/dtypes/common.py::1049,0.046259
pandas/core/dtypes/common.py::1050,0.046259
pandas/core/dtypes/common.py::1728,0.046259
pandas/core/dtypes/common.py::1729,0.046259
pandas/core/dtypes/common.py::1731,0.046259
pandas/core/dtypes/common.py::571,0.046259
pandas/core/dtypes/common.py::957,0.046259
pandas/core/dtypes/common.py::958,0.046259
pandas/core/indexes/base.py::291,0.046259
pandas/core/indexes/base.py::296,0.046259
pandas/core/indexes/base.py::302,0.046259
pandas/core/indexes/base.py::303,0.046259
pandas/core/indexes/base.py::304,0.046259
pandas/core/indexes/base.py::319,0.046259
pandas/core/indexes/base.py::329,0.046259
pandas/core/indexes/base.py::333,0.046259
pandas/core/indexes/base.py::345,0.046259
pandas/core/indexes/base.py::346,0.046259
pandas/core/indexes/base.py::389,0.046259
pandas/core/indexes/base.py::508,0.046259
pandas/core/indexes/base.py::514,0.046259
pandas/core/indexes/base.py::515,0.046259
pandas/core/indexes/base.py::521,0.046259
pandas/core/indexes/base.py::522,0.046259
pandas/core/indexes/base.py::524,0.046259
pandas/core/indexes/base.py::647,0.046259
pandas/core/dtypes/common.py::1724,0.046209
pandas/core/dtypes/common.py::910,0.046209
pandas/core/generic.py::5254,0.046209
pandas/core/generic.py::5255,0.046209
pandas/core/generic.py::5256,0.046209
pandas/core/internals/blocks.py::324,0.046209
pandas/core/internals/blocks.py::328,0.046209
pandas/core/internals/blocks.py::331,0.046209
pandas/core/internals/blocks.py::332,0.046209
pandas/core/internals/managers.py::133,0.046209
pandas/core/internals/managers.py::170,0.046209
pandas/core/internals/managers.py::223,0.046209
pandas/core/internals/managers.py::224,0.046209
pandas/core/internals/managers.py::225,0.046209
pandas/core/internals/managers.py::334,0.046209
pandas/core/dtypes/common.py::1458,0.046160
pandas/core/dtypes/common.py::1501,0.046160
pandas/core/dtypes/common.py::1503,0.046160
pandas/core/dtypes/common.py::1504,0.046160
pandas/core/dtypes/common.py::1508,0.046160
pandas/core/dtypes/common.py::1512,0.046160
pandas/core/dtypes/common.py::1519,0.046160
pandas/core/dtypes/common.py::1523,0.046160
pandas/core/dtypes/common.py::296,0.046160
pandas/core/dtypes/common.py::298,0.046160
pandas/core/dtypes/common.py::299,0.046160
pandas/core/dtypes/common.py::371,0.046160
pandas/core/dtypes/common.py::433,0.046160
pandas/core/dtypes/common.py::502,0.046160
pandas/core/dtypes/inference.py::124,0.046160
pandas/core/dtypes/inference.py::127,0.046160
pandas/core/indexes/base.py::271,0.046160
pandas/core/indexes/base.py::272,0.046160
pandas/core/indexes/base.py::273,0.046160
pandas/core/indexes/base.py::274,0.046160
pandas/core/indexes/base.py::275,0.046160
pandas/core/indexes/base.py::277,0.046160
pandas/core/indexes/base.py::280,0.046160
pandas/core/indexes/base.py::285,0.046160
pandas/core/indexes/base.py::287,0.046160
pandas/core/internals/blocks.py::112,0.046160
pandas/core/internals/blocks.py::113,0.046160
pandas/core/internals/blocks.py::114,0.046160
pandas/core/internals/blocks.py::116,0.046160
pandas/core/internals/blocks.py::143,0.046160
pandas/core/internals/blocks.py::146,0.046160
pandas/core/internals/blocks.py::150,0.046160
pandas/core/internals/blocks.py::228,0.046160
pandas/core/internals/blocks.py::232,0.046160
pandas/core/internals/blocks.py::235,0.046160
pandas/core/internals/blocks.py::2926,0.046160
pandas/core/internals/blocks.py::2927,0.046160
pandas/core/internals/blocks.py::2929,0.046160
pandas/core/internals/blocks.py::2932,0.046160
pandas/core/internals/blocks.py::2956,0.046160
pandas/core/internals/blocks.py::2962,0.046160
pandas/core/internals/blocks.py::2967,0.046160
pandas/core/internals/blocks.py::2970,0.046160
pandas/core/internals/blocks.py::2979,0.046160
pandas/core/dtypes/common.py::1718,0.046111
pandas/core/dtypes/common.py::1722,0.046111
pandas/core/dtypes/common.py::1754,0.046111
pandas/core/dtypes/common.py::218,0.046111
pandas/core/dtypes/common.py::219,0.046111
pandas/core/dtypes/common.py::604,0.046111
pandas/_config/config.py::111,0.046061
pandas/_config/config.py::112,0.046061
pandas/_config/config.py::116,0.046061
pandas/_config/config.py::118,0.046061
pandas/_config/config.py::122,0.046061
pandas/_config/config.py::123,0.046061
pandas/_config/config.py::125,0.046061
pandas/_config/config.py::126,0.046061
pandas/_config/config.py::127,0.046061
pandas/_config/config.py::130,0.046061
pandas/_config/config.py::131,0.046061
pandas/_config/config.py::133,0.046061
pandas/_config/config.py::233,0.046061
pandas/_config/config.py::541,0.046061
pandas/_config/config.py::545,0.046061
pandas/_config/config.py::546,0.046061
pandas/_config/config.py::549,0.046061
pandas/_config/config.py::553,0.046061
pandas/_config/config.py::554,0.046061
pandas/_config/config.py::555,0.046061
pandas/_config/config.py::556,0.046061
pandas/_config/config.py::557,0.046061
pandas/_config/config.py::576,0.046061
pandas/_config/config.py::577,0.046061
pandas/_config/config.py::578,0.046061
pandas/_config/config.py::579,0.046061
pandas/_config/config.py::592,0.046061
pandas/_config/config.py::601,0.046061
pandas/_config/config.py::602,0.046061
pandas/_config/config.py::605,0.046061
pandas/_config/config.py::617,0.046061
pandas/_config/config.py::618,0.046061
pandas/_config/config.py::633,0.046061
pandas/_config/config.py::806,0.046061
pandas/_config/config.py::84,0.046061
pandas/_config/config.py::85,0.046061
pandas/_config/config.py::89,0.046061
pandas/_config/config.py::91,0.046061
pandas/_config/config.py::93,0.046061
pandas/_config/config.py::94,0.046061
pandas/_config/config.py::96,0.046061
pandas/_config/config.py::98,0.046061
pandas/conftest.py::49,0.046061
pandas/conftest.py::52,0.046061
pandas/conftest.py::55,0.046061
pandas/conftest.py::58,0.046061
pandas/conftest.py::61,0.046061
pandas/conftest.py::72,0.046061
pandas/conftest.py::80,0.046061
pandas/conftest.py::81,0.046061
pandas/core/dtypes/base.py::271,0.046061
pandas/core/dtypes/base.py::273,0.046061
pandas/core/dtypes/base.py::278,0.046061
pandas/core/dtypes/common.py::1636,0.046061
pandas/core/dtypes/common.py::1637,0.046061
pandas/core/dtypes/common.py::1749,0.046061
pandas/core/dtypes/common.py::1750,0.046061
pandas/core/dtypes/common.py::1753,0.046061
pandas/core/dtypes/common.py::1755,0.046061
pandas/core/dtypes/common.py::1761,0.046061
pandas/core/dtypes/common.py::1762,0.046061
pandas/core/dtypes/common.py::1768,0.046061
pandas/core/dtypes/common.py::1769,0.046061
pandas/core/dtypes/common.py::1776,0.046061
pandas/core/dtypes/common.py::1887,0.046061
pandas/core/dtypes/common.py::1889,0.046061
pandas/core/dtypes/common.py::1890,0.046061
pandas/core/dtypes/common.py::210,0.046061
pandas/core/dtypes/common.py::251,0.046061
pandas/core/dtypes/common.py::469,0.046061
pandas/core/dtypes/common.py::471,0.046061
pandas/core/dtypes/common.py::534,0.046061
pandas/core/dtypes/common.py::536,0.046061
pandas/core/dtypes/common.py::570,0.046061
pandas/core/dtypes/common.py::572,0.046061
pandas/core/dtypes/common.py::603,0.046061
pandas/core/dtypes/common.py::605,0.046061
pandas/core/dtypes/dtypes.py::1102,0.046061
pandas/core/dtypes/dtypes.py::1113,0.046061
pandas/core/dtypes/dtypes.py::89,0.046061
pandas/core/dtypes/dtypes.py::90,0.046061
pandas/core/dtypes/dtypes.py::91,0.046061
pandas/core/dtypes/dtypes.py::92,0.046061
pandas/core/dtypes/dtypes.py::922,0.046061
pandas/core/dtypes/dtypes.py::93,0.046061
pandas/core/dtypes/dtypes.py::935,0.046061
pandas/core/dtypes/dtypes.py::96,0.046061
pandas/core/dtypes/generic.py::9,0.046061
pandas/core/frame.py::407,0.046061
pandas/core/frame.py::409,0.046061
pandas/core/frame.py::412,0.046061
pandas/core/frame.py::415,0.046061
pandas/core/frame.py::419,0.046061
pandas/core/frame.py::496,0.046061
pandas/core/generic.py::196,0.046061
pandas/core/generic.py::206,0.046061
pandas/core/generic.py::207,0.046061
pandas/core/generic.py::208,0.046061
pandas/core/generic.py::209,0.046061
pandas/core/generic.py::210,0.046061
pandas/core/generic.py::213,0.046061
pandas/core/indexes/base.py::5400,0.046061
pandas/core/indexes/base.py::5401,0.046061
pandas/core/indexes/base.py::5403,0.046061
pandas/core/indexes/base.py::624,0.046061
pandas/core/indexes/base.py::625,0.046061
pandas/core/internals/managers.py::129,0.046061
pandas/core/internals/managers.py::130,0.046061
pandas/core/internals/managers.py::132,0.046061
pandas/core/internals/managers.py::139,0.046061
pandas/core/internals/managers.py::140,0.046061
pandas/core/internals/managers.py::142,0.046061
pandas/core/internals/managers.py::144,0.046061
pandas/core/internals/managers.py::166,0.046061
pandas/core/internals/managers.py::217,0.046061
pandas/core/internals/managers.py::218,0.046061
pandas/core/internals/managers.py::219,0.046061
pandas/core/internals/managers.py::220,0.046061
pandas/core/internals/managers.py::222,0.046061
pandas/core/internals/managers.py::227,0.046061
pandas/core/internals/managers.py::230,0.046061
pandas/core/internals/managers.py::231,0.046061
pandas/core/internals/managers.py::235,0.046061
pandas/core/internals/managers.py::331,0.046061
pandas/core/internals/managers.py::332,0.046061
pandas/core/internals/managers.py::333,0.046061
pandas/core/internals/managers.py::336,0.046061
pandas/core/internals/managers.py::623,0.046061
pandas/core/internals/managers.py::625,0.046061
pandas/core/internals/managers.py::628,0.046061
pandas/core/internals/managers.py::629,0.046061
pandas/core/internals/managers.py::630,0.046061
pandas/core/internals/managers.py::914,0.046061
